914
707
649
696
189
179
937
619
969
628
73
283
415
525
633
80
943
780
401
939
355
70
414
91
26
978
716
565
824
265
636
253
555
848
553
592
993
817
733
108
761
351
289
922
335
937
437
91
764
953
812
425
52
965
636
799
818
429
260
684
146
646
791
139
733
678
185
998
178
41
823
413
234
180
948
170
621
296
576
727
420
857
611
690
423
48
204
271
80
333
227
718
7
545
429
687
199
523
449
395
960
89
910
469
542
474
16
313
139
506
835
292
425
149
255
253
867
7
173
137
572
300
752
381
767
235
463
280
456
368
890
342
459
170
563
605
357
786
104
417
583
670
22
19
970
373
608
178
383
340
552
960
38
520
684
624
154
188
365
766
226
781
460
408
787
764
70
611
493
253
994
394
715
934
736
66
999
657
477
73
805
741
908
225
206
74
207
15
496
916
326
385
140
450
750
8
729
551
510
210
287
897
575
930
894
872
602
60
672
17
774
627
28
411
834
118
716
394
447
899
953
131
634
74
350
951
993
566
827
483
988
511
987
558
446
27
80
869
499
14
61
284
284
304
315
54
713
750
192
799
175
163
750
48
298
232
920
979
365
890
530
15
863
92
361
502
544
460
529
741
332
642
526
252
271
646
764
342
650
625
243
195
565
8
477
156
350
116
666
47
376
493
815
804
288
224
554
343
980
622
633
576
29
815
571
991
334
743
998
451
309
480
155
908
130
712
24
143
149
981
84
91
253
502
792
546
438
803
764
282
507
144
848
965
309
102
916
998
482
994
81
60
377
210
434
315
629
333
413
201
240
475
887
399
786
357
871
137
746
726
569
176
52
274
694
469
148
765
801
352
362
576
301
819
799
639
798
216
391
470
198
794
30
174
1
611
248
275
58
977
436
976
63
998
416
732
291
384
315
230
843
23
335
279
387
878
78
752
953
995
919
804
65
586
880
119
339
254
14
15
731
505
987
73
24
311
807
159
127
46
298
81
944
561
561
369
57
894
439
996
513
155
126
326
536
512
478
973
494
209
637
953
25
59
439
626
979
561
304
130
986
223
680
364
921
943
911
494
936
258
433
211
848
90
563
572
658
477
999
632
504
476
4
937
748
317
554
474
599
318
932
605
253
955
534
289
807
193
665
541
712
332
333
470
5
542
423
855
383
889
411
385
163
175
484
200
467
392
649
385
310
268
818
321
142
785
956
528
385
527
208
14
906
746
971
468
16
608
306
334
959
660
940
751
709
778
548
213
656
132
303
287
519
684
35
557
470
994
297
375
582
209
332
425
100
101
202
365
129
808
219
713
770
669
831
106
832
412
77
529
314
656
650
37
778
725
758
442
118
62
469
592
616
158
772
831
784
37
371
481
272
941
810
704
960
70
663
59
435
23
591
779
577
589
778
186
927
209
340
110
564
277
641
866
78
415
601
903
204
626
149
601
357
1
601
172
809
981
426
377
870
977
17
371
646
756
872
447
950
766
541
11
122
127
5
46
847
372
835
321
978
211
697
900
280
562
53
916
429
27
512
524
240
459
924
257
15
251
604
995
583
149
224
672
935
835
8
211
717
541
361
77
553
642
430
251
81
321
737
657
764
568
962
124
331
540
519
470
85
138
669
166
778
766
429
166
746
666
659
297
463
554
475
708
744
965
93
685
320
862
931
817
591
700
448
498
374
414
955
585
320
987
555
456
399
841
374
108
133
84
221
473
77
394
882
598
665
269
149
698
237
585
483
206
516
22
361
893
353
391
487
723
481
636
240
58
63
254
376
658
735
289
215
65
463
935
158
137
491
610
855
946
57
313
186
640
748
871
349
718
164
905
780
850
462
127
258
859
600
468
934
825
792
753
953
100
813
167
54
799
70
780
27
14
450
455
240
246
560
87
622
76
456
970
905
176
225
2
401
675
524
372
646
623
912
451
770
759
464
435
963
831
242
74
432
181
306
308
484
231
590
246
641
999
555
258
808
525
328
309
254
947
97
670
592
919
231
793
258
388
502
202
916
330
751
293
167
887
959
517
863
814
544
892
665
215
542
27
374
727
397
834
120
114
497
186
421
582
21
225
570
330
696
54
354
166
637
437
351
501
731
85
32
56
189
608
436
845
409
955
597
696
886
328
400
8
882
632
957
334
82
164
346
553
567
693
357
526
541
314
593
86
852
435
288
567
428
412
26
704
901
540
645
887
389
582
214
926
398
71
199
902
887
66
17
954
545
176
180
135
933
164
524
634
844
38
262
499
231
126
460
304
440
628
325
69
25
357
473
787
868
688
19
630
898
818
272
892
816
215
415
803
118
730
873
297
370
23
67
546
397
775
858
86
436
492
86
321
282
381
882
975
563
556
699
103
252
813
590
119
10
338
367
113
769
30
784
924
846
638
151
254
790
887
291
649
976
755
552
499
712
654
632
571
277
328
389
752
78
484
708
852
441
729
212
729
852
46
496
59
368
483
905
174
410
725
928
521
899
859
450
540
467
911
708
813
713
551
417
553
942
693
154
698
940
155
533
324
705
499
506
404
16
510
594
707
553
291
656
927
495
666
684
922
67
394
118
104
791
888
752
795
174
576
479
729
250
41
787
953
190
381
101
57
318
94
889
491
115
855
924
786
731
393
567
208
792
309
893
305
647
586
769
541
701
775
492
177
101
395
606
912
77
651
522
881
18
428
103
553
824
658
899
642
559
608
51
195
58
369
321
442
633
318
254
935
818
128
24
971
668
113
29
578
196
6
872
596
76
824
955
922
8
676
846
39
914
535
959
69
881
789
251
234
318
572
324
434
119
749
700
199
111
443
968
101
445
415
744
387
900
482
38
176
60
388
749
378
414
214
828
21
342
987
787
561
716
724
581
501
563
252
399
643
270
520
976
252
87
44
217
829
882
954
655
738
970
780
615
58
890
572
993
323
583
185
520
232
60
37
729
984
174
990
794
17
969
834
781
268
450
102
701
499
95
679
679
40
563
570
13
872
391
426
807
256
117
41
371
750
31
825
111
203
808
514
44
960
712
223
518
543
694
764
857
827
825
451
694
595
264
679
766
771
411
176
654
947
289
481
747
315
291
358
16
327
689
418
638
504
523
416
428
172
347
176
839
711
113
644
155
994
791
835
955
171
431
110
165
836
505
170
849
752
721
957
68
835
105
260
16
682
571
28
926
868
233
520
127
743
144
595
159
69
2
734
683
184
147
636
309
372
543
275
901
884
882
598
834
984
408
873
481
917
542
493
69
653
776
181
688
905
389
383
209
269
48
39
383
547
168
513
229
850
10
702
614
391
317
840
290
109
86
57
522
794
37
897
89
562
768
583
283
879
463
818
218
49
448
920
671
227
852
390
710
110
809
553
29
954
249
133
518
90
923
580
954
359
641
681
321
704
530
581
928
41
968
522
738
713
20
815
26
816
777
731
407
537
982
509
441
108
424
811
771
351
304
17
850
590
152
405
45
273
516
73
430
925
719
473
960
341
715
365
880
907
197
960
689
57
864
146
635
157
729
259
947
397
211
610
305
623
52
749
646
468
479
689
853
997
748
533
252
326
781
482
226
715
354
13
27
449
391
384
954
494
804
821
582
507
925
173
440
520
339
745
684
337
308
262
54
648
302
454
319
603
834
45
80
920
702
17
534
494
867
806
999
510
505
889
156
273
863
187
399
43
927
80
126
937
417
432
377
735
311
806
113
189
786
208
713
827
379
686
730
826
892
502
161
757
136
742
484
136
735
172
349
879
943
259
45
171
592
39
493
505
686
579
385
875
917
857
422
506
504
618
78
84
898
598
857
179
681
782
326
7
855
383
251
645
731
442
457
719
216
891
563
902
788
351
832
533
571
81
63
888
181
766
611
989
685
655
991
953
876
759
315
182
366
46
784
116
851
373
249
574
968
371
770
30
959
48
325
579
460
240
211
594
658
433
72
339
118
505
258
646
673
82
491
966
12
887
725
300
847
220
485
39
898
760
323
458
992
254
73
206
361
733
2
714
471
813
78
176
659
483
915
59
704
743
301
742
136
907
801
61
407
198
334
730
117
914
454
145
127
907
460
989
112
858
597
727
300
984
884
388
837
895
937
846
818
853
66
670
844
74
69
496
507
181
908
807
105
353
186
515
821
294
45
208
922
485
644
810
345
612
923
941
781
779
93
897
845
646
281
990
679
324
840
628
35
159
958
207
406
173
799
153
512
358
260
528
600
919
582
297
718
479
266
45
217
216
942
260
66
472
83
255
177
864
915
642
863
709
341
481
628
365
598
570
89
92
178
620
248
272
412
991
515
489
858
756
171
718
301
909
210
804
248
24
778
408
190
649
543
830
624
190
747
266
679
206
121
680
279
4
340
320
853
849
48
436
819
440
801
836
242
286
987
234
959
706
986
866
512
457
380
572
712
205
339
877
857
966
695
122
450
441
643
878
186
993
78
926
908
475
333
324
396
455
559
705
40
251
370
191
58
34
356
405
989
710
508
467
45
145
810
73
452
306
292
500
947
774
579
761
294
85
286
972
419
710
533
283
724
926
864
534
491
581
440
154
638
201
262
47
875
967
452
543
989
751
257
240
927
168
745
555
16
804
851
773
688
973
269
918
651
536
237
553
500
385
49
995
323
719
138
128
770
353
284
122
868
241
105
123
479
616
446
277
291
410
214
223
907
395
38
147
564
435
554
174
332
502
46
224
45
847
38
725
178
150
257
59
73
551
468
676
978
717
844
318
743
62
230
322
268
289
98
162
152
286
13
294
724
381
278
25
516
17
700
287
340
902
933
722
461
465
42
397
520
767
705
656
331
929
515
805
289
126
688
971
742
833
111
545
668
629
811
165
551
902
690
838
984
777
159
830
832
919
659
588
299
991
87
849
495
490
589
914
445
610
192
773
303
597
481
295
251
318
620
69
375
21
410
66
861
944
463
457
321
786
215
451
457
539
725
650
12
769
732
87
534
301
50
817
443
409
50
184
513
680
968
745
852
206
858
698
52
962
821
329
241
89
438
528
234
726
339
627
602
638
897
573
76
760
78
240
945
413
577
819
56
644
265
89
253
66
868
200
820
552
730
759
847
861
888
28
823
325
561
236
88
978
794
284
689
938
76
296
698
297
192
82
965
65
902
349
26
520
335
770
62
665
60
947
732
676
726
198
744
506
543
517
471
748
272
707
706
716
597
129
533
62
86
283
427
192
255
660
956
568
755
345
90
877
204
444
664
960
942
488
772
900
349
165
390
220
243
996
489
900
103
469
155
252
283
542
808
504
612
744
539
218
224
365
311
764
770
924
282
913
593
384
707
300
795
229
662
907
220
109
958
765
43
930
443
721
639
949
804
873
781
207
374
327
670
237
621
991
511
177
171
277
872
575
839
424
377
877
207
472
9
439
753
740
82
482
382
639
378
559
136
867
715
546
470
526
85
411
477
989
233
884
18
878
729
253
549
690
807
629
120
819
324
186
841
419
562
979
131
717
556
699
12
751
652
840
10
528
61
765
55
46
890
541
455
84
790
882
176
442
782
661
138
933
404
982
678
321
813
861
259
748
757
434
199
948
209
59
51
820
22
988
90
451
648
300
220
573
206
125
382
183
676
964
636
573
856
730
745
198
377
226
974
762
701
564
722
42
291
753
289
738
760
200
343
347
661
201
223
571
728
919
319
345
82
419
166
347
586
71
82
194
16
752
355
177
708
393
396
82
712
131
595
858
595
793
598
878
296
331
16
846
710
937
932
824
345
562
386
640
401
149
448
614
169
9
427
417
163
192
758
43
506
753
481
373
216
894
126
581
833
971
792
244
567
817
421
677
719
977
662
379
869
76
932
458
260
683
317
216
744
507
207
293
455
299
332
482
909
369
527
918
71
217
151
159
315
703
545
887
678
672
930
340
694
468
341
188
161
583
330
624
804
616
560
433
257
569
708
1
27
352
122
284
492
53
332
294
34
781
17
598
677
238
607
307
412
213
812
662
728
332
177
1
456
1000
497
454
591
946
576
219
523
948
559
764
559
814
751
130
940
897
412
186
387
157
213
145
623
630
432
431
497
748
443
713
947
947
185
44
816
239
777
39
643
228
437
376
648
494
698
993
777
941
259
884
394
259
139
261
527
80
154
440
756
461
120
514
52
944
48
820
582
840
559
909
541
74
221
295
887
131
98
990
657
535
645
924
801
497
257
144
924
891
114
631
473
992
607
396
221
985
303
325
144
493
809
54
896
28
326
394
853
726
290
534
292
39
915
696
624
942
9
288
142
895
543
575
296
213
176
661
893
564
958
263
814
598
591
545
756
676
961
239
872
559
552
587
691
551
205
986
631
788
9
39
181
427
162
765
929
884
277
463
179
378
509
802
48
906
842
230
232
104
358
792
649
566
732
420
460
670
674
809
270
577
49
517
802
25
946
163
684
885
995
193
953
163
242
271
286
755
906
269
806
600
308
477
408
802
623
385
808
499
203
574
973
511
26
921
899
263
432
656
394
679
829
860
222
390
704
693
184
903
766
367
253
494
555
108
590
444
425
843
776
111
767
151
620
604
11
995
434
686
411
524
337
619
145
247
58
733
765
485
614
695
815
307
717
544
941
967
313
253
209
1
234
82
599
38
539
528
717
27
965
574
468
744
11
945
719
450
133
902
482
293
129
594
852
650
406
552
23
494
683
410
224
843
888
955
650
731
811
309
264
850
350
479
675
755
358
713
504
341
951
578
774
160
31
186
318
35
129
284
156
591
250
918
821
666
273
316
969
349
426
89
411
910
812
152
663
389
540
635
556
641
81
945
513
51
73
405
525
878
756
781
713
20
784
432
529
77
524
179
324
708
130
366
559
130
942
618
552
407
164
542
874
845
457
923
901
400
688
844
960
443
296
50
865
309
500
423
51
996
611
138
42
320
345
522
283
43
862
638
24
264
357
619
330
762
848
936
855
798
58
679
519
235
285
837
266
608
597
788
964
351
333
678
707
626
481
62
264
963
291
705
244
112
625
403
438
510
319
607
394
997
49
206
971
141
628
156
364
767
493
7
948
687
322
98
160
225
392
73
126
281
549
822
175
727
223
83
115
523
836
601
716
446
275
609
260
289
59
224
400
561
515
680
930
555
810
429
569
645
384
69
364
398
556
724
567
118
391
438
460
241
897
318
117
287
266
655
433
888
148
529
102
927
743
527
639
356
93
902
821
878
512
608
882
561
528
882
660
220
281
899
671
486
596
894
382
827
533
1
251
457
293
295
989
32
241
155
514
497
835
22
829
541
743
675
225
562
49
273
487
594
565
945
356
556
631
665
87
295
804
191
810
60
728
250
838
668
217
757
868
234
996
565
65
250
799
838
345
737
767
841
336
567
59
17
68
595
760
774
63
621
255
585
149
306
52
321
752
323
631
413
652
831
672
739
256
475
79
553
833
735
698
570
822
555
331
67
927
57
881
334
167
892
46
967
180
114
928
245
20
950
660
555
763
169
720
792
154
690
735
628
690
515
387
876
513
974
166
775
532
176
649
193
46
125
17
936
224
252
318
190
794
124
926
503
432
367
666
171
768
222
63
758
555
813
280
214
539
633
26
332
588
263
856
167
373
567
992
750
9
960
853
596
945
653
270
928
836
393
567
598
898
168
647
224
477
982
122
9
50
267
128
892
438
943
894
880
308
322
243
479
134
95
157
407
370
738
981
624
791
992
848
63
135
710
215
194
144
845
490
421
454
76
601
653
371
79
683
387
802
958
258
156
144
825
526
998
756
506
329
733
984
755
995
455
792
266
480
956
651
842
327
650
952
421
323
704
11
687
279
250
367
740
741
324
150
556
784
322
815
550
268
56
48
282
98
5
509
948
904
918
967
958
872
560
767
821
856
789
925
255
570
299
469
323
845
953
513
314
355
531
285
620
500
976
950
486
76
147
412
491
864
71
3
952
503
590
380
492
510
700
321
120
740
335
665
827
704
129
161
898
264
977
388
398
643
767
139
358
912
279
192
95
953
832
7
432
355
846
63
347
511
652
816
161
109
893
6
533
367
61
733
188
365
356
676
491
64
51
630
434
728
842
255
656
745
433
941
15
235
238
111
457
834
446
130
802
294
247
793
648
171
773
205
73
579
492
422
436
346
806
384
563
171
476
570
463
498
762
635
164
249
879
309
822
135
538
926
316
277
475
661
76
827
945
730
56
427
552
225
464
219
662
1
600
25
93
128
730
450
523
561
119
564
384
1000
371
53
432
509
214
340
555
424
650
334
145
404
649
27
369
175
735
466
603
488
17
370
341
178
908
59
843
832
432
948
875
553
494
678
824
823
88
665
501
530
361
838
292
890
677
332
815
381
802
247
967
726
62
654
603
759
834
460
436
504
736
305
206
592
210
313
225
219
379
198
601
380
129
2
123
797
275
591
498
749
679
242
976
770
528
157
1000
168
510
541
900
736
902
531
202
764
764
710
805
921
534
249
345
398
339
401
566
373
659
955
225
671
312
811
440
317
54
455
388
492
167
101
420
96
419
194
959
509
798
606
314
330
545
732
955
567
302
597
133
40
286
103
614
99
341
530
589
934
521
260
663
76
662
462
68
562
318
927
309
524
647
415
625
718
485
622
161
128
186
365
456
561
227
85
711
7
797
192
472
366
423
349
153
56
82
855
803
516
175
888
820
529
575
74
266
68
737
263
729
576
695
697
518
638
98
12
605
630
640
803
24
533
34
560
457
823
139
728
170
214
110
910
563
267
543
663
580
933
229
526
324
200
390
265
425
616
292
596
584
454
62
588
303
922
170
638
681
793
545
281
602
553
556
586
579
275
134
479
569
808
434
421
953
80
526
725
703
246
511
381
975
296
880
684
715
501
957
88
895
408
869
395
113
140
24
410
180
344
700
104
815
62
134
787
290
15
56
950
161
153
310
511
308
691
373
745
557
343
605
548
676
665
142
628
143
920
802
176
646
523
682
732
791
6
428
760
277
133
90
490
262
904
478
194
381
967
981
877
477
928
866
956
567
519
861
829
950
245
491
506
761
188
519
73
89
289
721
381
363
819
206
650
128
636
425
238
195
478
841
630
243
143
266
615
154
16
376
222
677
874
234
626
44
434
43
57
420
271
199
448
964
713
604
183
693
732
798
283
790
366
248
6
974
517
647
892
219
156
273
320
587
976
255
591
289
382
783
290
850
647
125
898
768
478
714
519
246
146
861
802
174
263
426
756
448
218
696
293
51
804
64
777
65
126
554
289
718
479
426
598
793
826
307
499
430
339
362
844
267
771
887
329
858
362
832
543
23
821
110
81
210
8
651
3
79
5
980
975
596
894
356
556
322
551
98
84
344
240
68
788
284
377
995
305
323
343
777
553
948
310
664
888
456
143
172
620
20
469
388
435
154
586
654
652
861
511
697
83
172
452
46
665
713
908
313
699
322
445
37
113
823
542
678
714
53
74
155
934
98
781
947
588
666
772
791
590
954
33
544
762
547
735
906
306
89
179
818
309
573
396
852
303
367
549
17
855
1000
224
54
232
407
845
904
418
66
995
935
58
496
86
928
983
605
642
488
222
837
415
261
73
68
950
319
651
422
234
855
975
570
274
559
250
932
438
51
742
100
752
182
192
505
278
448
676
217
213
486
607
733
16
706
454
769
184
765
669
946
446
218
266
3
927
445
708
473
280
724
206
709
867
93
344
883
624
712
367
993
815
598
404
369
716
530
283
370
901
679
549
252
368
602
824
43
144
257
237
486
962
804
827
112
883
851
314
887
549
945
650
43
305
679
541
297
198
884
226
72
155
11
467
308
129
118
42
402
445
930
991
547
485
786
685
260
441
337
654
124
116
378
252
216
794
978
322
116
548
536
546
579
866
339
280
897
497
422
910
63
837
560
33
583
488
639
925
72
900
893
61
860
261
555
429
864
491
974
339
84
727
263
803
331
371
703
594
693
111
714
254
747
121
475
180
643
252
177
825
742
645
257
981
941
634
100
805
75
787
307
864
39
334
615
925
736
334
302
699
254
323
507
728
143
120
860
926
127
233
298
963
428
83
861
847
105
985
414
836
904
404
9
153
710
146
531
440
705
210
800
865
725
287
88
590
440
683
666
984
91
758
138
745
562
951
295
236
438
938
208
810
448
83
881
375
944
346
184
404
424
944
21
277
906
400
361
926
105
681
702
50
175
563
447
717
546
937
617
11
380
598
275
615
236
58
42
216
943
455
600
777
43
503
950
408
181
401
239
890
569
475
238
501
138
562
987
949
283
288
275
179
797
869
414
203
601
353
380
509
793
704
810
47
451
648
33
641
286
199
945
233
231
753
476
695
861
1000
597
883
644
508
947
502
599
134
505
359
82
551
944
375
935
966
694
838
271
162
113
807
380
581
15
306
532
458
544
442
880
72
430
22
542
126
171
419
124
650
508
465
950
957
405
844
929
217
909
71
401
318
259
492
208
505
529
295
880
790
728
532
779
376
413
238
89
998
482
121
290
544
160
274
748
666
203
166
687
376
190
32
703
484
169
959
866
339
880
679
651
974
782
903
798
616
554
467
133
164
41
250
138
889
972
299
989
31
635
803
777
4
282
307
314
211
2
688
106
557
771
842
260
26
850
545
64
441
406
477
329
990
239
357
595
92
72
722
457
732
460
437
582
300
311
846
802
379
847
143
495
804
451
464
93
754
306
596
523
371
831
404
230
871
860
282
943
42
365
489
136
936
366
195
911
873
879
203
543
894
183
236
27
138
479
289
268
916
152
175
773
333
8
912
965
453
384
9
812
195
298
910
50
300
970
189
156
434
201
456
113
145
490
559
508
255
959
429
410
371
83
850
767
895
118
801
860
408
452
274
491
718
631
667
654
807
46
211
61
176
502
591
359
855
872
224
403
723
307
597
647
461
260
173
577
35
195
935
979
434
399
30
84
651
437
967
213
466
837
37
258
627
853
119
98
230
362
487
296
285
252
567
539
554
234
144
626
598
582
779
428
16
258
139
119
675
330
386
191
4
740
891
266
722
334
920
650
734
455
125
587
93
297
180
221
811
485
211
995
147
399
859
741
669
451
986
940
110
9
331
556
478
85
981
191
574
106
473
71
160
40
824
331
940
794
413
30
648
189
38
117
808
847
72
728
622
868
635
546
220
943
44
12
431
895
427
255
398
408
788
153
252
235
793
705
722
104
536
270
272
451
41
238
421
901
379
931
206
557
599
290
371
150
364
767
968
587
637
571
355
488
776
959
849
554
385
6
814
202
423
53
380
70
780
798
931
849
570
167
467
493
372
876
342
493
195
532
913
807
395
602
476
674
646
754
512
669
470
112
929
536
776
155
228
239
335
823
458
828
271
683
13
579
668
896
83
381
42
452
417
597
6
166
202
607
204
842
592
482
834
559
954
939
901
160
326
844
699
456
529
445
473
537
941
186
878
62
650
228
239
247
889
925
452
733
612
702
91
959
234
523
12
469
650
250
165
851
213
703
614
424
545
460
231
215
907
71
145
437
45
300
955
301
992
221
702
360
427
455
11
649
837
319
219
616
720
389
535
517
215
96
506
648
545
106
667
246
822
692
527
207
369
173
190
805
415
79
173
759
311
139
36
655
58
487
889
593
205
53
813
718
149
925
781
96
746
461
36
358
623
665
599
674
673
966
313
153
405
483
728
690
263
641
839
227
113
410
437
416
625
249
398
214
622
560
297
391
772
384
890
87
733
68
617
262
106
807
754
239
931
415
982
337
228
322
850
347
705
864
727
917
299
833
754
268
35
529
124
743
582
344
613
864
441
375
517
517
999
208
243
464
289
253
465
3
21
924
943
504
331
786
303
352
795
901
945
882
43
54
784
782
384
519
725
699
218
753
987
566
318
690
178
196
494
300
688
577
635
665
748
154
278
806
229
256
251
398
99
94
327
57
12
421
419
4
42
566
97
835
931
728
439
84
953
74
891
21
378
603
933
913
499
24
555
255
713
894
976
43
712
609
54
81
296
532
175
600
212
410
134
107
165
372
379
534
631
708
311
879
481
441
188
738
27
348
265
618
251
810
229
405
113
939
257
671
268
803
243
721
716
679
408
59
793
986
26
960
35
440
610
194
620
339
80
598
996
20
465
81
483
436
832
58
924
563
384
226
312
42
856
329
168
92
256
571
63
482
747
131
895
887
670
983
403
200
160
956
901
281
770
987
34
92
89
892
906
699
746
146
492
408
421
160
713
571
573
218
208
819
943
590
466
633
161
724
654
514
157
357
840
803
821
376
510
217
105
643
116
297
376
455
392
254
219
796
96
306
744
968
906
615
261
194
140
765
11
60
413
119
206
888
972
993
282
449
200
837
1000
285
744
814
329
642
508
444
938
831
427
458
176
789
590
604
222
110
605
877
941
788
633
744
780
181
57
533
72
869
609
862
925
412
512
210
222
122
552
34
441
705
116
691
70
274
605
875
450
50
381
759
159
406
784
468
62
948
687
837
904
692
455
325
281
624
506
181
926
704
685
664
928
632
169
172
418
942
277
404
744
38
892
244
432
105
787
29
877
446
286
58
513
671
908
378
803
599
648
158
802
426
585
629
313
910
196
807
931
545
152
983
848
643
554
132
785
237
243
745
920
706
111
84
892
485
655
756
404
331
689
543
537
722
77
274
377
843
636
466
881
692
221
595
843
744
456
959
33
315
734
289
296
377
784
307
56
510
991
620
867
819
212
6
308
488
970
367
779
349
224
62
798
990
691
273
985
302
444
765
713
82
62
989
285
345
226
854
582
283
270
179
921
680
171
492
83
242
54
796
885
358
602
939
999
671
988
473
169
515
735
325
224
674
473
525
502
116
726
358
766
267
755
831
630
769
45
609
853
506
803
265
399
645
937
481
831
199
983
467
932
201
682
688
383
156
433
161
44
434
98
420
695
854
694
792
769
326
450
540
99
424
672
901
202
227
765
39
124
663
532
183
986
952
627
334
870
287
621
352
574
121
832
909
786
900
15
168
219
832
66
135
628
834
796
418
582
967
918
471
38
614
171
132
681
670
820
551
852
755
932
603
237
619
942
900
638
654
862
645
35
845
173
280
737
274
65
646
698
809
900
135
454
533
420
252
244
573
803
59
753
176
944
74
744
304
46
504
180
59
899
337
146
471
115
600
514
439
278
538
886
937
440
592
44
827
15
525
73
421
258
617
559
95
216
509
752
470
591
800
595
220
166
938
655
126
837
223
534
722
755
934
124
152
936
442
39
832
372
592
441
516
392
954
971
216
292
540
557
887
856
605
860
935
223
497
539
537
113
476
701
442
728
257
257
261
853
484
159
44
892
445
331
12
549
534
792
705
860
686
862
170
491
239
206
703
311
949
949
976
320
961
640
311
413
588
80
152
951
560
614
424
189
731
528
300
601
93
540
892
896
285
12
248
671
526
122
177
652
120
910
259
131
780
535
273
242
56
255
26
127
708
474
323
328
148
63
389
92
335
527
800
288
95
222
288
476
490
424
175
919
648
854
51
352
6
825
433
559
979
318
90
339
473
763
325
822
814
537
294
790
467
322
845
908
461
653
610
514
194
415
744
233
830
388
255
857
215
743
54
996
29
518
936
149
135
530
639
933
434
493
879
903
899
53
676
77
78
104
6
761
440
656
556
464
314
457
391
348
719
8
865
98
696
207
629
412
13
150
704
607
368
116
16
935
613
335
332
561
300
480
349
257
458
498
516
630
636
716
988
131
565
901
752
623
659
144
80
887
93
720
816
2
559
230
426
686
258
808
782
881
61
396
590
410
56
86
151
33
915
694
653
805
75
726
765
549
645
730
745
864
165
128
40
728
73
66
604
92
521
674
456
470
954
573
226
925
244
819
453
891
161
559
306
105
767
506
952
66
807
540
161
462
990
53
63
144
92
729
359
689
60
619
948
278
387
139
527
640
765
354
110
635
732
886
643
65
202
361
447
816
113
255
639
705
528
896
269
522
921
34
809
542
33
355
242
403
424
629
847
692
866
907
203
913
645
891
441
852
372
133
620
421
954
266
803
377
83
152
202
117
752
366
620
81
569
155
88
691
249
220
82
50
300
949
507
357
964
967
19
930
76
219
766
187
772
534
53
398
87
38
871
171
361
820
768
340
68
10
560
208
629
727
206
280
19
441
727
511
944
378
10
595
316
510
878
633
197
731
174
984
547
562
444
835
643
365
539
645
434
474
265
929
221
143
205
320
783
438
494
671
427
27
589
743
826
683
803
30
678
168
421
719
672
755
15
13
616
841
999
462
3
120
668
118
801
99
911
633
783
485
136
349
603
995
476
870
383
213
157
332
783
30
131
251
174
905
610
58
950
799
291
550
918
782
928
951
265
100
698
282
485
613
141
969
553
1
239
537
195
58
949
170
736
908
486
596
269
861
948
1000
134
895
872
268
525
84
669
284
861
58
720
469
87
415
926
707
709
638
455
134
509
970
346
928
577
571
144
66
372
959
909
392
543
427
205
578
670
138
139
261
188
828
744
921
526
274
602
187
622
442
779
654
543
495
980
974
233
122
145
342
709
558
70
698
675
864
138
735
705
382
587
938
40
835
11
966
242
64
442
250
502
820
411
690
247
894
643
820
289
146
304
166
934
347
934
367
144
89
992
131
720
979
348
355
719
982
144
300
178
446
180
950
371
820
864
128
846
993
56
730
377
795
445
884
744
198
397
61
152
316
701
454
538
647
527
464
722
510
7
147
712
110
946
793
142
667
961
994
764
408
634
417
785
700
544
902
267
845
356
126
553
241
980
760
950
594
851
737
896
834
80
867
794
232
796
497
79
457
302
838
233
243
953
575
921
61
282
998
207
211
330
656
323
665
82
401
557
358
512
327
211
779
84
116
809
315
16
1000
334
694
568
350
148
393
54
349
544
24
721
11
163
78
535
661
792
28
577
97
159
960
862
368
449
40
354
454
645
352
520
684
179
520
982
513
679
778
600
564
303
138
936
380
312
183
116
667
871
177
880
401
524
683
414
677
355
490
235
202
462
127
916
383
237
258
848
446
32
807
488
562
430
62
308
379
30
589
912
884
663
368
647
695
459
596
911
55
953
641
917
278
619
679
506
216
485
98
479
799
80
216
4
833
813
393
535
343
429
81
923
199
553
267
615
196
742
334
721
748
691
108
834
739
750
72
988
143
323
408
266
355
734
996
670
383
924
606
624
208
893
2
78
20
885
176
599
721
883
479
445
990
833
988
802
938
221
931
289
948
199
893
681
194
644
628
861
670
122
347
360
278
774
953
1000
435
282
503
191
380
667
943
842
924
834
712
875
289
369
600
730
327
216
737
436
764
192
919
418
61
121
600
374
385
927
325
241
748
562
369
296
191
846
127
64
446
199
889
959
346
801
982
326
656
600
459
628
577
500
398
412
443
519
831
74
497
945
767
745
711
355
765
361
929
139
759
727
667
320
766
966
723
631
470
253
63
925
524
592
745
190
920
235
154
269
837
180
646
156
951
457
292
414
92
146
273
844
518
912
149
477
232
422
870
401
551
383
892
656
499
745
213
390
830
816
977
675
365
957
696
160
340
176
443
379
622
492
433
383
413
554
131
534
351
865
66
465
898
285
167
73
897
813
987
430
728
706
144
464
260
980
344
757
655
934
564
10
802
246
752
525
707
822
373
242
290
142
959
141
511
918
664
648
334
70
444
909
541
385
639
645
549
369
652
18
407
924
736
419
953
104
870
702
921
43
547
475
162
414
725
717
645
938
72
900
601
100
561
698
686
797
126
187
894
861
981
520
829
265
557
837
338
538
795
922
367
473
309
223
718
920
676
523
580
698
61
775
899
29
72
334
602
279
718
104
367
895
292
271
248
774
541
617
326
333
831
88
380
832
532
295
815
140
956
318
389
709
